,year,tavg
0,1961,21.2
1,1962,20.4
2,1963,21.8
3,1964,22.7
4,1965,21.5
5,1966,19.4
6,1967,19.4
7,1968,22.1
8,1969,19.8
9,1970,20.6
10,1971,20.5
11,1972,22.1
12,1973,19.3
13,1974,19.8
14,1975,21.2
15,1976,19.3
16,1977,19.6
17,1978,19.8
18,1979,22.2
19,1980,19.8
20,1981,22.0
21,1982,20.5
22,1983,19.4
23,1984,18.9
24,1985,19.9
25,1986,20.7
26,1987,21.2
27,1988,20.3
28,1989,19.0
29,1990,20.4
30,1991,20.4
31,1992,20.0
32,1993,20.2
33,1994,20.8
34,1995,21.0
35,1996,21.8
36,1997,21.1
37,1998,21.4
38,1999,22.2
39,2000,21.6
40,2001,18.6
41,2002,21.8
42,2003,22.7
43,2004,19.5
44,2005,18.3
45,2006,20.2
46,2007,23.3
47,2008,21.5
48,2009,20.8
49,2010,21.1
50,2011,20.7
51,2012,22.7
52,2013,21.5
53,2014,19.4
54,2015,21.5
55,2016,23.0
56,2017,23.0
57,2018,22.6
58,2019,22.7
