,year,tavg
0,1961,17.7
1,1962,17.7
2,1963,19.6
3,1964,17.0
4,1965,18.0
5,1966,14.4
6,1967,18.6
7,1968,17.8
8,1969,18.0
9,1970,17.4
10,1971,15.2
11,1972,15.1
12,1973,18.3
13,1974,18.0
14,1975,20.0
15,1976,16.3
16,1977,16.0
17,1978,16.0
18,1979,18.1
19,1980,16.6
20,1981,17.3
21,1982,19.3
22,1983,18.1
23,1984,18.9
24,1985,16.8
25,1986,17.8
26,1987,19.3
27,1988,17.7
28,1989,16.8
29,1990,16.6
30,1991,16.4
31,1992,15.5
32,1993,15.8
33,1994,20.7
34,1995,15.7
35,1996,14.3
36,1997,14.0
37,1998,15.4
38,1999,17.3
39,2000,15.5
40,2001,17.0
41,2002,15.8
42,2003,15.0
43,2004,15.8
44,2005,16.0
45,2006,16.9
46,2007,16.0
47,2008,16.0
48,2009,17.5
49,2010,16.8
50,2011,19.6
51,2012,18.7
52,2013,16.2
53,2014,17.4
54,2015,20.2
55,2016,19.6
56,2017,19.5
57,2018,19.5
58,2019,18.0
