,year,tavg
0,1961,14.3
1,1962,12.2
2,1963,10.8
3,1964,12.8
4,1965,8.5
5,1966,13.9
6,1967,11.4
7,1968,15.3
8,1969,11.0
9,1970,13.8
10,1971,11.4
11,1972,14.1
12,1973,11.8
13,1974,9.5
14,1975,12.6
15,1976,12.0
16,1977,11.3
17,1978,11.4
18,1979,11.0
19,1980,10.5
20,1981,10.4
21,1982,9.5
22,1983,13.5
23,1984,9.3
24,1985,13.2
25,1986,13.7
26,1987,9.5
27,1988,9.3
28,1989,13.6
29,1990,11.4
30,1991,10.5
31,1992,10.9
32,1993,10.1
33,1994,12.9
34,1995,11.2
35,1996,9.9
36,1997,7.3
37,1998,13.5
38,1999,11.9
39,2000,14.0
40,2001,10.0
41,2002,9.5
42,2003,9.4
43,2004,10.7
44,2005,10.5
45,2006,11.3
46,2007,11.5
47,2008,12.4
48,2009,11.4
49,2010,11.5
50,2011,10.2
51,2012,13.7
52,2013,13.4
53,2014,11.5
54,2015,12.1
55,2016,14.8
56,2017,11.2
57,2018,16.4
58,2019,10.9
