,year,tavg
0,1961,9.0
1,1962,3.5
2,1963,2.6
3,1964,3.6
4,1965,5.0
5,1966,6.8
6,1967,7.0
7,1968,5.9
8,1969,0.5
9,1970,6.6
10,1971,5.9
11,1972,6.1
12,1973,3.0
13,1974,5.6
14,1975,8.5
15,1976,3.9
16,1977,7.3
17,1978,6.4
18,1979,7.6
19,1980,3.0
20,1981,7.4
21,1982,4.3
22,1983,7.2
23,1984,3.5
24,1985,1.3
25,1986,4.2
26,1987,0.2
27,1988,5.6
28,1989,8.9
29,1990,10.2
30,1991,5.0
31,1992,5.9
32,1993,2.4
33,1994,8.0
34,1995,6.1
35,1996,-0.2
36,1997,4.2
37,1998,4.5
38,1999,6.2
39,2000,5.6
40,2001,7.0
41,2002,7.7
42,2003,2.2
43,2004,5.9
44,2005,3.1
45,2006,4.6
46,2007,7.0
47,2008,7.8
48,2009,5.5
49,2010,4.7
50,2011,4.5
51,2012,5.4
52,2013,4.8
53,2014,8.6
54,2015,6.7
55,2016,8.2
56,2017,9.5
57,2018,4.0
58,2019,8.5
