,year,tavg
0,1961,0.0
1,1962,-2.4
2,1963,-1.6
3,1964,1.7
4,1965,2.4
5,1966,0.5
6,1967,1.2
7,1968,-0.4
8,1969,0.6
9,1970,2.2
10,1971,2.0
11,1972,1.0
12,1973,-1.3
13,1974,1.8
14,1975,0.0
15,1976,1.4
16,1977,-2.5
17,1978,0.7
18,1979,3.5
19,1980,0.6
20,1981,1.6
21,1982,3.5
22,1983,-1.1
23,1984,-0.7
24,1985,1.9
25,1986,-1.6
26,1987,-0.1
27,1988,-0.2
28,1989,0.6
29,1990,1.4
30,1991,-3.5
31,1992,-2.3
32,1993,1.6
33,1994,0.5
34,1995,-1.9
35,1996,0.3
36,1997,0.0
37,1998,-5.5
38,1999,1.6
39,2000,2.5
40,2001,-4.0
41,2002,-5.2
42,2003,-0.8
43,2004,1.1
44,2005,1.0
45,2006,1.2
46,2007,-0.9
47,2008,1.9
48,2009,0.7
49,2010,-0.7
50,2011,2.6
51,2012,-1.4
52,2013,-0.4
53,2014,0.9
54,2015,3.8
55,2016,0.2
56,2017,3.9
57,2018,0.3
58,2019,3.4
