,year,tavg
0,1961,2.5
1,1962,-1.0
2,1963,-1.0
3,1964,-0.1
4,1965,-5.4
5,1966,5.0
6,1967,-0.6
7,1968,2.5
8,1969,-1.8
9,1970,0.8
10,1971,1.9
11,1972,0.6
12,1973,2.4
13,1974,2.4
14,1975,0.6
15,1976,-2.8
16,1977,5.3
17,1978,-0.4
18,1979,0.9
19,1980,-2.0
20,1981,1.5
21,1982,-1.8
22,1983,0.8
23,1984,-0.3
24,1985,-7.7
25,1986,-2.9
26,1987,-0.6
27,1988,1.0
28,1989,3.6
29,1990,4.1
30,1991,-3.0
31,1992,-0.1
32,1993,-2.1
33,1994,1.4
34,1995,4.7
35,1996,-3.2
36,1997,0.7
37,1998,1.9
38,1999,0.7
39,2000,1.8
40,2001,1.9
41,2002,4.4
42,2003,-4.1
43,2004,0.3
44,2005,-2.2
45,2006,-1.2
46,2007,2.7
47,2008,2.1
48,2009,2.0
49,2010,-0.5
50,2011,-2.5
51,2012,-6.5
52,2013,2.4
53,2014,1.4
54,2015,2.5
55,2016,6.7
56,2017,1.5
57,2018,1.6
58,2019,2.7
