,year,tavg
0,1961,-0.2
1,1962,-2.6
2,1963,-7.8
3,1964,-5.2
4,1965,0.3
5,1966,-1.5
6,1967,-4.0
7,1968,-2.2
8,1969,-5.7
9,1970,0.5
10,1971,1.3
11,1972,-2.5
12,1973,-2.6
13,1974,-3.0
14,1975,1.1
15,1976,0.7
16,1977,-0.8
17,1978,-1.4
18,1979,-2.2
19,1980,-4.1
20,1981,-1.2
21,1982,-1.8
22,1983,2.1
23,1984,1.3
24,1985,-6.4
25,1986,1.1
26,1987,-4.6
27,1988,0.9
28,1989,-0.2
29,1990,-4.1
30,1991,0.6
31,1992,-2.0
32,1993,-1.5
33,1994,2.4
34,1995,-2.0
35,1996,-3.0
36,1997,-3.3
37,1998,-0.4
38,1999,-0.2
39,2000,-4.8
40,2001,0.6
41,2002,-2.8
42,2003,-2.0
43,2004,-3.3
44,2005,0.6
45,2006,-4.0
46,2007,3.6
47,2008,-3.1
48,2009,-0.5
49,2010,-3.6
50,2011,-2.4
51,2012,-1.6
52,2013,-1.5
53,2014,-0.6
54,2015,-0.2
55,2016,-2.8
56,2017,-4.6
57,2018,1.5
58,2019,-1.4
