,year,tavg
0,1961,22.0
1,1962,24.8
2,1963,24.4
3,1964,21.0
4,1965,21.0
5,1966,23.1
6,1967,19.0
7,1968,20.6
8,1969,22.3
9,1970,21.8
10,1971,22.5
11,1972,21.4
12,1973,19.7
13,1974,22.7
14,1975,22.6
15,1976,18.1
16,1977,21.4
17,1978,20.5
18,1979,20.7
19,1980,20.8
20,1981,21.1
21,1982,21.4
22,1983,20.5
23,1984,19.8
24,1985,22.3
25,1986,23.5
26,1987,20.7
27,1988,22.6
28,1989,23.2
29,1990,22.1
30,1991,20.5
31,1992,24.9
32,1993,21.6
33,1994,22.5
34,1995,20.6
35,1996,21.3
36,1997,20.1
37,1998,22.9
38,1999,21.7
39,2000,23.4
40,2001,23.3
41,2002,20.8
42,2003,23.5
43,2004,20.1
44,2005,20.8
45,2006,21.5
46,2007,23.3
47,2008,24.1
48,2009,22.2
49,2010,23.5
50,2011,22.0
51,2012,23.2
52,2013,23.5
53,2014,22.7
54,2015,24.3
55,2016,23.6
56,2017,24.7
57,2018,24.8
58,2019,23.0
