,year,tavg
0,1961,8.2
1,1962,9.1
2,1963,9.4
3,1964,7.0
4,1965,4.0
5,1966,6.6
6,1967,6.9
7,1968,6.9
8,1969,9.5
9,1970,7.8
10,1971,4.1
11,1972,3.2
12,1973,3.5
13,1974,4.4
14,1975,3.5
15,1976,7.0
16,1977,8.5
17,1978,4.2
18,1979,6.4
19,1980,5.0
20,1981,4.1
21,1982,3.6
22,1983,1.6
23,1984,4.5
24,1985,4.1
25,1986,4.3
26,1987,6.4
27,1988,0.0
28,1989,4.0
29,1990,7.1
30,1991,4.7
31,1992,5.7
32,1993,-0.6
33,1994,3.8
34,1995,1.5
35,1996,6.4
36,1997,4.9
37,1998,2.3
38,1999,4.4
39,2000,7.8
40,2001,3.3
41,2002,6.6
42,2003,6.4
43,2004,5.4
44,2005,4.0
45,2006,6.3
46,2007,3.1
47,2008,5.5
48,2009,6.7
49,2010,9.5
50,2011,2.7
51,2012,6.7
52,2013,7.9
53,2014,5.0
54,2015,8.6
55,2016,5.9
56,2017,7.2
57,2018,5.3
58,2019,9.4
