,year,tavg
0,1961,15.3
1,1962,18.3
2,1963,18.2
3,1964,15.4
4,1965,16.0
5,1966,16.9
6,1967,13.2
7,1968,20.8
8,1969,19.9
9,1970,15.8
10,1971,17.4
11,1972,17.3
12,1973,17.0
13,1974,16.1
14,1975,17.9
15,1976,16.8
16,1977,16.8
17,1978,15.2
18,1979,17.8
19,1980,14.5
20,1981,15.2
21,1982,17.6
22,1983,18.6
23,1984,17.2
24,1985,19.3
25,1986,18.3
26,1987,14.8
27,1988,16.4
28,1989,16.0
29,1990,16.5
30,1991,14.2
31,1992,15.0
32,1993,16.9
33,1994,18.0
34,1995,15.7
35,1996,19.0
36,1997,17.6
37,1998,16.3
38,1999,15.6
39,2000,17.8
40,2001,15.7
41,2002,17.9
42,2003,19.5
43,2004,14.6
44,2005,16.8
45,2006,16.0
46,2007,18.6
47,2008,16.1
48,2009,17.1
49,2010,16.4
50,2011,15.8
51,2012,17.4
52,2013,18.7
53,2014,16.0
54,2015,18.8
55,2016,16.3
56,2017,17.1
57,2018,19.8
58,2019,16.6
