,year,tavg
0,1961,11.7
1,1962,12.7
2,1963,12.4
3,1964,13.5
4,1965,11.2
5,1966,15.9
6,1967,13.2
7,1968,10.6
8,1969,11.8
9,1970,10.2
10,1971,9.5
11,1972,9.4
12,1973,11.4
13,1974,12.9
14,1975,11.7
15,1976,10.9
16,1977,11.0
17,1978,11.8
18,1979,9.2
19,1980,13.1
20,1981,13.6
21,1982,11.9
22,1983,10.7
23,1984,14.1
24,1985,10.2
25,1986,10.5
26,1987,9.9
27,1988,9.2
28,1989,11.6
29,1990,11.6
30,1991,10.7
31,1992,11.3
32,1993,12.1
33,1994,10.5
34,1995,9.8
35,1996,10.3
36,1997,8.2
37,1998,10.9
38,1999,10.6
39,2000,10.1
40,2001,11.8
41,2002,9.9
42,2003,8.8
43,2004,11.1
44,2005,10.6
45,2006,11.5
46,2007,11.2
47,2008,11.4
48,2009,11.2
49,2010,8.0
50,2011,9.2
51,2012,12.9
52,2013,10.7
53,2014,10.7
54,2015,11.4
55,2016,10.3
56,2017,12.4
57,2018,14.2
58,2019,12.0
