,year,tavg
0,1961,22.1
1,1962,23.4
2,1963,24.0
3,1964,22.7
4,1965,22.4
5,1966,23.6
6,1967,23.2
7,1968,23.3
8,1969,20.8
9,1970,23.4
10,1971,21.2
11,1972,23.0
12,1973,21.9
13,1974,21.5
14,1975,22.3
15,1976,22.2
16,1977,22.6
17,1978,21.6
18,1979,20.1
19,1980,21.9
20,1981,21.3
21,1982,20.8
22,1983,22.6
23,1984,20.5
24,1985,22.0
25,1986,21.4
26,1987,24.0
27,1988,24.8
28,1989,22.1
29,1990,22.7
30,1991,22.4
31,1992,22.0
32,1993,21.3
33,1994,23.0
34,1995,23.3
35,1996,22.3
36,1997,21.4
37,1998,23.3
38,1999,24.0
39,2000,24.0
40,2001,23.2
41,2002,23.8
42,2003,22.7
43,2004,21.8
44,2005,21.6
45,2006,22.5
46,2007,26.2
47,2008,22.4
48,2009,23.2
49,2010,22.8
50,2011,23.2
51,2012,26.6
52,2013,22.7
53,2014,22.4
54,2015,25.5
55,2016,24.6
56,2017,23.8
57,2018,22.9
58,2019,22.1
